0.998543062898056
0.9997424936910955
0.9981269510926118
0.998543062898056
0.9979189211687338
0.9972186167253848
0.9931390078589546
0.9977109085612019
0.9985029299798965
0.9979189211687338
0.999534233814625
0.998751144783948
0.998543062898056
0.9997918141316567
0.9968975756769933
0.9984959390353956
0.9970869746150645
0.9878956744164802
0.9983278390903445
0.9993754944002664
0.994420455096793
0.99762798119636
0.9995836455991339
0.9993319973279893
0.9997785749081086
0.9967774606389835
0.997416465725112
0.9942957437472576
0.99635909705607
0.995811225914549
0.9997882163581685
0.9985163833665381
0.9987817357828566
0.9995836455991339
0.9995181651729788
