0.0029666254635352285
6.533812479581836E-4
0.003450258769407706
0.002839756592292089
0.005494505494505494
0.006406833956219968
0.014647137150466045
0.005272871078302136
0.0024896265560165973
0.004502476361999099
0.001541425818882466
0.0062370062370062365
0.004126142057176541
0.0
0.00576923076923077
0.003938299967180834
0.005678361387142567
0.028911564625850338
0.00390734021769467
0.0012267429973420569
0.015216672179953686
0.004304441400900019
8.843687817820031E-4
0.001404165691551603
4.114379757251594E-4
0.006653992395437264
0.004723479629994096
0.011085056491153272
0.009345794392523364
0.009362808842652797
4.344048653344917E-4
0.0025711662075298437
0.0031575623618566467
7.705644384511655E-4
0.001286587327114828
