0.0014858841010401188
3.26797385620915E-4
0.0017281105990783411
0.001421897217144018
0.0027556644213104714
0.0032137118371719335
0.007377598926894702
0.0026441036488630354
0.001246623727404945
0.002256317689530686
7.713073659853452E-4
0.0031282586027111575
0.002067336089781453
0.0
0.0028950542822677927
0.0019730351857941467
0.002847264592231035
0.014676258992805755
0.0019574944071588368
6.137479541734861E-4
0.007666666666666666
0.002156862745098039
4.4238000442380006E-4
7.02576112412178E-4
2.0576131687242798E-4
0.0033381020505484026
0.0023673308344841193
0.005573419078242229
0.004694835680751174
0.004703423046772929
2.1724961981316532E-4
0.0012872379551305626
0.0015812776723592662
3.854307188282906E-4
6.43707756678468E-4
